100 575 324
209.106 24.6846 273.943 75.5345 135.211 54.6152 
464.206 170.467 402.31 112.673 415.833 195.387 
469.227 98.8731 510.286 137.91 487.39 65.2045 
253.559 134.145 312.131 145.632 244.144 75.5978 
73.8492 187.536 70.0833 163.422 156.028 202.587 
311.785 107.466 349.732 167.859 245.177 134.085 
202.25 223.494 243.026 175.358 243.099 223.818 
121.165 193.955 73.2416 265.325 179.123 221.309 
193.221 248.399 188.164 311.882 214.055 241.201 
95.2406 272.743 72.1092 232.99 9.43512 254.169 
422.903 83.4848 371.922 38.6489 489.374 60.9551 
261.713 242.983 222.376 313.485 309.612 264.752 
506.897 126.65 449.119 176.216 546.417 176.564 
481.84 314.147 521.458 321.761 495.791 242.133 
448.783 238.422 456.659 309.477 367.736 250.15 
318.397 195.855 389.799 208.173 383.873 139.432 
18.5254 158.831 54.3744 109.904 54.1415 172.841 
82.5258 62.4427 67.9455 5.57327 60.2537 61.6486 
161.696 98.728 208.767 50.0894 179.631 176.034 
512.397 45.9193 569.564 35.855 530.094 130.732 
486.034 184.713 416.451 220.052 496.359 115.457 
367.143 140.719 340.484 64.1663 302.008 180.889 
29.8787 110.963 30.4289 137.356 79.1792 120.617 
144.233 281.459 154.591 207.261 186.761 302.803 
352.978 124.99 370.629 106.618 370.394 150.307 
340.736 178.312 388.086 194.177 365.982 162.805 
370.98 187.547 410.431 229.167 403.575 108.458 
197.736 236.524 172.382 211.288 138.248 298.782 
412.847 110.398 424.072 141.607 378.948 156.435 
115.506 57.6434 92.719 43.6876 130.692 23.5505 
279.041 79.4341 299.903 14.8311 196.897 66.2106 
190.057 91.3645 225.68 172.983 140.486 108.188 
515.682 56.2113 503.848 81.0981 482.189 58.2125 
484.966 113.12 527.118 134.999 482.807 73.6551 
459.113 218.279 496.433 171.682 409.71 208.809 
299.514 216.093 287.469 188.429 273.006 271.395 
266.39 152.667 224.201 101.025 286.704 80.0381 
291.494 75.1907 231.992 8.14678 346.089 5.7613 
9.17017 12.9571 74.1069 36.4932 15.8162 97.0836 
361.256 114.581 404.61 190.053 396.831 67.5593 
406.197 310.539 425.184 306.683 411.975 275.392 
399.916 117.3 434.06 128.692 403.263 61.1598 
417.218 32.0169 474.803 89.0559 367.031 54.6066 
183.091 215.434 189.175 161.555 235.403 238.834 
37.6846 163.921 90.5442 184.025 16.2376 199.804 
321.174 253.919 387.475 238.824 360.659 297.946 
109.728 96.9335 158.548 92.0172 144.597 168.677 
299.863 283.699 270.27 283.372 285.385 224.45 
297.565 228.469 279.254 156.046 385.899 213.185 
338.136 181.147 408.856 217.695 341.327 267.338 
546.186 253.326 529.358 288.642 488.743 241.445 
165.672 172.022 222.737 164.444 168.098 135.137 
355.475 118.857 313.017 109.337 387.149 66.8816 
60.4275 86.9278 142.471 121.567 58.5108 79.4384 
151.177 271.78 89.5267 268.215 127.95 300.014 
403.129 94.4558 430.775 119.498 443.6 73.2985 
230.852 229.162 230.535 143.764 310.226 253.554 
467.766 194.872 390.242 198.575 443.675 142.638 
207.194 63.508 217.966 17.991 147.009 6.291 
247.293 86.6802 231.517 44.9997 165.733 95.5991 
61.7008 157.636 84.5185 142.58 77.5783 188.1 
306.116 205.396 344.435 217.867 289.482 143.07 
347.944 82.731 311.442 106.212 337.78 48.4429 
394.797 240.137 430.855 231.711 384.575 306.575 
450.334 24.3834 490.093 70.2066 495.561 7.4039 
214.311 68.1938 257.626 96.415 219.402 3.5979 
386.593 306.124 397.362 237.415 300.755 301.441 
115.928 166.138 76.9249 155.96 108.566 108.848 
286.275 225.791 310.604 270.11 322.643 228.833 
27.9593 77.0946 93.0328 99.9747 20.0614 124.652 
406.048 191.942 387.748 225.082 447.312 233.478 
67.4935 261.235 107.448 210.86 26.2599 183.534 
493.124 262.135 486.074 241.526 463.571 315.981 
12.7768 149.345 33.0617 122.743 49.6577 152.863 
100.369 238.852 47.1361 249.166 68.7627 292.703 
247.175 266.02 212.721 237.934 256.988 211.33 
267.822 108.484 266.826 66.3832 303.676 98.9961 
279.676 258.194 232.632 234.698 332.115 191.124 
332.173 85.469 330.433 136.862 305.148 106.973 
353.318 105.092 292.484 62.7405 325.991 190.25 
284.628 178.385 261.233 234.368 269.675 157.396 
492.233 247.467 546.352 199.775 571.914 263.036 
495.156 64.4633 536.045 121.237 562.754 19.1966 
91.7552 312.94 166.883 300.813 117.306 257.463 
296.146 69.6579 226.999 24.1439 244.898 81.659 
5.67246 260.31 94.2807 254.12 43.5151 300.761 
224.862 203.235 285.59 217.403 265.924 274.686 
299.98 97.1684 265.395 123.909 348.36 132.084 
474.593 46.917 428.368 3.46437 407.714 96.1405 
493.663 183.85 528.251 178.356 534.484 240.487 
123.28 139.651 106.315 173.216 178.498 139.43 
140.808 248.497 225.723 258.402 117.334 198.816 
359.696 240.848 343.002 259.993 432.499 243.834 
510.108 72.2867 437.377 110.596 574.599 92.5522 
311.248 209.077 316.821 170.558 244.738 185.543 
436.653 60.1057 511.957 87.5364 468.161 41.8524 
550.404 23.8444 513.115 41.4068 525.163 94.3166 
395.377 224.601 479.88 223.017 374.684 271.997 
518.852 261.981 480.563 213.091 438.968 273.371 
14.2088 102.829 67.1962 37.2668 90.709 124.562 
